###
######## SECTION 1 ########
###

1b 20b 1

###
######## SECTION 2 ########
###

linear tanh linear

# Biases:
1 1

-4.43171784295384,-0.00969894192464669,-4.86926178466759,5.62494690348902,-1.56201795227843,3.41679220272107,6.28935315559611,3.7246873207602,2.74011505345868,10.0643163475935,2.47045754076672,1.67845529662726,1.42484633602711,1.4341353083344,2.97059581760691,2.0069284809538,4.705119389697,-2.80408298163526,-0.116686691647257,-1.76078029594775,-0.187576552050761,-5.65955689377288,-3.23878571616093,-2.86330306809558,2.4715834866912,6.54644162525599,-0.213087208539925,7.27932077300218,-4.14353469128998,0.771578991315023,0.411248339130232,4.93833957520513,1.02825353263951,4.59604468815505,-0.707364483305775,6.8117272566483,5.75310507698052,6.52360485400343,-5.90811746470677,-3.03654071292074,1.7270532159405,3.81648841791268,0.75028003648427,-0.91621831994912,-0.700782093382978,-0.731271984038622,-0.296685164891106,-0.736424239730469,-0.313536034733283,-0.479404088643177,2.20731406582466,-1.32567357345231,-1.27292386602352,-5.46323950034991,-3.95885406291478,6.77841177629267,2.02980998766645,-0.640697253802166,1.35339673301374,0.949500486293065,0.755217342276057