###
######## SECTION 1 ########
###

2b 10b 10b 4


###
######## SECTION 2 ########
###

linear tanh tanh linear


# Biases:
1 1 1

0.325045352855374,0.714313006067583,-0.229599035882743,-0.466367833242795,0.55161530711902,0.421431580075703,0.740055299742071,0.0167446103264266,-0.819008945551773,0.187188284337227,1.13538091561186,0.640692618697579,-0.163148386669675,1.93459989037407,-0.192348377413899,-0.0327539339619408,1.16910728879094,0.22012865025468,-0.941179881807497,0.166515511853931,-1.0756697248634,-1.27439255827265,-0.0851339621812728,0.530859411893726,0.199152085002691,-0.40597892878446,-0.504514193418382,0.388733786666351,-1.1017633930909,1.0859731587226,0.578830291072491,0.127834555376387,-0.802222833000039,-0.880604009371681,-1.08202403129163,-1.90415293949402,1.06469513944116,-0.0143471797386966,-1.97927265553299,0.141579443094155,-0.161537887241535,0.07366314262535,0.760646885149785,-1.05876552433915,0.357155261499057,-0.225327983396167,5.15541171013219,1.91508395387812,-0.0803826140143249,-10.0111128351755,-1.76875800611519,9.15382510763378,3.75908034508877,11.4565817015802,-0.752373668148101,5.84247386467904,-11.3054878386493,-5.36749035837074,-3.31266430441918,-11.3261156880827,2.12820346755178,6.77616821006864,-4.79974855374337,5.55473494805187,9.69402133538138,-0.919639963191505,5.08445223927826,-2.25937274728836,8.13881687962899,5.83039031794113,4.52459509499333,-2.31157350549585,-1.84951093167332,1.84725752438826,-7.45277010411669,-1.41027807627853,-0.410602095578034,4.27572496054544,-5.26315988006062,-12.3256137478282,-2.73772643119066,9.18188677642528,1.35289148520517,7.79807497143058,-2.49660093476983,3.12613551599595,4.18276931137283,-0.794764396247035,7.70790770848185,11.4415060744995,9.40366341668504,5.95123873733097,6.69914068883083,-5.219380976399,-7.96945598612838,5.5999255620038,-6.51980726234355,-5.70225555100318,-4.43715235574715,-2.8878707864956,1.38722148208472,-9.77591796491557,-2.30635334842198,-1.36953432179815,-0.0708714974552305,0.253196425673396,-0.958330379074032,-0.726388681881985,1.45683711930657,-1.10107883479953,-5.67395422033143,-5.91266318173806,-1.28662446948541,-1.10498053587484,-3.71138798292964,-7.37951097744491,-0.681105171781175,8.83010309384287,-2.10622482340546,3.48662924917764,-2.94145996456796,-12.2436678149193,-2.34838840733109,6.4609051692974,2.75061836809364,0.252323828034301,9.51975892561061,0.0600839524532032,10.9488279616075,-0.48694870084253,9.84671118270536,-2.16742378204851,6.317313729387,-0.19315460954398,-1.50412419254528,1.94703219734398,10.1852480998909,-6.34551722170692,-5.9830921363207,2.86923957019508,6.78030370191911,-3.73887533110719,3.64501675049445,3.94499672254088,-4.48888881758579,-0.81801706433838,3.42754618489523,0.59161263969836,-4.5310221281977,-4.5777599537432,-5.50311299206578,-4.11752144168819,11.6919718350848,-0.0406672047048685,-2.88370626105719,-9.06377143111381,4.76378587632519,-0.171337324574203,7.51300919141881,3.64671609439333,-25.5965193978559,1.79439167909165,-0.92704477328496,-9.30565886348659,-11.4744329643141,0.840550938728362,-6.65039797976465,-3.7466569142823,4.32841009306335,-2.95695639590873,7.1586772408193,-3.91263179493668,13.2602707047721,-1.34426213449594,-3.2988011859411,-8.3001234211968,3.73879448726853,-4.08093841428826,3.71305424832962,-12.1360019122634,-3.38096941993707,-7.81207750799653,-5.77884253074238,-4.81757612307725

